V 54
K 1
D 0 -3302000 4064000 2286000
Y 1
U 3683000 2286000 254000 0 2 3 REFDES=IC?
U 3683000 2032000 254000 0 2 3 DEVICE=MAX2771ETI+
U 3683000 1778000 254000 0 2 0 PKG_TYPE=QFN50P500X500X80-29N
U 3683000 1524000 254000 0 2 0 Description=MAXIM INTEGRATED PRODUCTS - MAX2771ETI+ - GNSS RX, 1.57542GHZ, -40 TO 85DEG C
U 3683000 1270000 254000 0 2 0 Datasheet Link=
U 3683000 1016000 254000 0 2 0 Height=0.8
U 3683000 762000 254000 0 2 0 Mouser Part Number=700-MAX2771ETI+
U 3683000 508000 254000 0 2 0 Mouser Price/Stock=https://www.mouser.co.uk/ProductDetail/Maxim-Integrated/MAX2771ETI%2b?qs=lc2O%252BfHJPVYuzqxyqJXfmg%3D%3D
U 3683000 254000 254000 0 2 0 Manufacturer_Name=Analog Devices
U 3683000 0 254000 0 2 0 Manufacturer_Part_Number=MAX2771ETI+
U 0 0 254000 0 1 0 FORWARD_PCB=1
l 5 508000 1778000 3556000 1778000 3556000 -2794000 508000 -2794000 508000 1778000
|GRPHSTL -1 -1 -1 1
P 1 0 0 508000 0 0 2 0
L 584200 0 228600 0 2 0 1 0 CPOUT
A 355600 50800 203200 0 9 3 #=1
A 0 0 9 0 3 0 PINTYPE=BI
P 2 0 -254000 508000 -254000 0 2 0
L 584200 -254000 228600 0 2 0 1 0 VCCCP
A 355600 -203200 203200 0 9 3 #=2
A 0 0 9 0 3 0 PINTYPE=BI
P 3 0 -508000 508000 -508000 0 2 0
L 584200 -508000 228600 0 2 0 1 0 XTAL
A 355600 -457200 203200 0 9 3 #=3
A 0 0 9 0 3 0 PINTYPE=BI
P 4 0 -762000 508000 -762000 0 2 0
L 584200 -762000 228600 0 2 0 1 0 CLKOUT
A 355600 -711200 203200 0 9 3 #=4
A 0 0 9 0 3 0 PINTYPE=BI
P 5 0 -1016000 508000 -1016000 0 2 0
L 584200 -1016000 228600 0 2 0 1 0 ADC_CLKIN
A 355600 -965200 203200 0 9 3 #=5
A 0 0 9 0 3 0 PINTYPE=BI
P 6 0 -1270000 508000 -1270000 0 2 0
L 584200 -1270000 228600 0 2 0 1 0 VCCD
A 355600 -1219200 203200 0 9 3 #=6
A 0 0 9 0 3 0 PINTYPE=BI
P 7 0 -1524000 508000 -1524000 0 2 0
L 584200 -1524000 228600 0 2 0 1 0 SDATA
A 355600 -1473200 203200 0 9 3 #=7
A 0 0 9 0 3 0 PINTYPE=BI
P 8 1270000 -3302000 1270000 -2794000 0 1 0
L 1270000 -2717800 228600 1 2 0 1 0 SCLK
A 1219200 -2946400 203200 1 9 3 #=8
A 0 0 9 0 3 0 PINTYPE=BI
P 9 1524000 -3302000 1524000 -2794000 0 1 0
L 1524000 -2717800 228600 1 2 0 1 0 CSN
A 1473200 -2946400 203200 1 9 3 #=9
A 0 0 9 0 3 0 PINTYPE=BI
P 10 1778000 -3302000 1778000 -2794000 0 1 0
L 1778000 -2717800 228600 1 2 0 1 0 Q1
A 1727200 -2946400 203200 1 9 3 #=10
A 0 0 9 0 3 0 PINTYPE=BI
P 11 2032000 -3302000 2032000 -2794000 0 1 0
L 2032000 -2717800 228600 1 2 0 1 0 Q0
A 1981200 -2946400 203200 1 9 3 #=11
A 0 0 9 0 3 0 PINTYPE=BI
P 12 2286000 -3302000 2286000 -2794000 0 1 0
L 2286000 -2717800 228600 1 2 0 1 0 I0
A 2235200 -2946400 203200 1 9 3 #=12
A 0 0 9 0 3 0 PINTYPE=BI
P 13 2540000 -3302000 2540000 -2794000 0 1 0
L 2540000 -2717800 228600 1 2 0 1 0 I1
A 2489200 -2946400 203200 1 9 3 #=13
A 0 0 9 0 3 0 PINTYPE=BI
P 14 2794000 -3302000 2794000 -2794000 0 1 0
L 2794000 -2717800 228600 1 2 0 1 0 VCCADC
A 2743200 -2946400 203200 1 9 3 #=14
A 0 0 9 0 3 0 PINTYPE=BI
P 15 4064000 0 3556000 0 0 3 0
L 3479800 0 228600 0 8 0 1 0 N.C.
A 3708400 50800 203200 0 3 3 #=21
A 0 0 9 0 3 0 PINTYPE=BI
P 16 4064000 -254000 3556000 -254000 0 3 0
L 3479800 -254000 228600 0 8 0 1 0 LNAIN_LO
A 3708400 -203200 203200 0 3 3 #=20
A 0 0 9 0 3 0 PINTYPE=BI
P 17 4064000 -508000 3556000 -508000 0 3 0
L 3479800 -508000 228600 0 8 0 1 0 LNAIN_HI
A 3708400 -457200 203200 0 3 3 #=19
A 0 0 9 0 3 0 PINTYPE=BI
P 18 4064000 -762000 3556000 -762000 0 3 0
L 3479800 -762000 228600 0 8 0 1 0 SHDN
A 3708400 -711200 203200 0 3 3 #=18
A 0 0 9 0 3 0 PINTYPE=BI
P 19 4064000 -1016000 3556000 -1016000 0 3 0
L 3479800 -1016000 228600 0 8 0 1 0 LD
A 3708400 -965200 203200 0 3 3 #=17
A 0 0 9 0 3 0 PINTYPE=BI
P 20 4064000 -1270000 3556000 -1270000 0 3 0
L 3479800 -1270000 228600 0 8 0 1 0 ANAINOUT
A 3708400 -1219200 203200 0 3 3 #=16
A 0 0 9 0 3 0 PINTYPE=BI
P 21 4064000 -1524000 3556000 -1524000 0 3 0
L 3479800 -1524000 228600 0 8 0 1 0 ANAIPOUT
A 3708400 -1473200 203200 0 3 3 #=15
A 0 0 9 0 3 0 PINTYPE=BI
P 22 1016000 2286000 1016000 1778000 0 0 0
L 1016000 1701800 228600 1 8 0 1 0 GND
A 965200 1930400 203200 1 3 3 #=29
A 0 0 9 0 3 0 PINTYPE=BI
P 23 1270000 2286000 1270000 1778000 0 0 0
L 1270000 1701800 228600 1 8 0 1 0 VCCVCO
A 1219200 1930400 203200 1 3 3 #=28
A 0 0 9 0 3 0 PINTYPE=BI
P 24 1524000 2286000 1524000 1778000 0 0 0
L 1524000 1701800 228600 1 8 0 1 0 VCCIF
A 1473200 1930400 203200 1 3 3 #=27
A 0 0 9 0 3 0 PINTYPE=BI
P 25 1778000 2286000 1778000 1778000 0 0 0
L 1778000 1701800 228600 1 8 0 1 0 MIXIN_LO
A 1727200 1930400 203200 1 3 3 #=26
A 0 0 9 0 3 0 PINTYPE=BI
P 26 2032000 2286000 2032000 1778000 0 0 0
L 2032000 1701800 228600 1 8 0 1 0 MIXIN_HI
A 1981200 1930400 203200 1 3 3 #=25
A 0 0 9 0 3 0 PINTYPE=BI
P 27 2286000 2286000 2286000 1778000 0 0 0
L 2286000 1701800 228600 1 8 0 1 0 LNAOUT_HI
A 2235200 1930400 203200 1 3 3 #=24
A 0 0 9 0 3 0 PINTYPE=BI
P 28 2540000 2286000 2540000 1778000 0 0 0
L 2540000 1701800 228600 1 8 0 1 0 LNAOUT_LO
A 2489200 1930400 203200 1 3 3 #=23
A 0 0 9 0 3 0 PINTYPE=BI
P 29 2794000 2286000 2794000 1778000 0 0 0
L 2794000 1701800 228600 1 8 0 1 0 VCCRF
A 2743200 1930400 203200 1 3 3 #=22
A 0 0 9 0 3 0 PINTYPE=BI
E
