V 54
K 1
D 0 -25146000 3810000 0
Y 1
U 3429000 762000 254000 0 2 3 REFDES=IC?
U 3429000 508000 254000 0 2 3 DEVICE=K4F6E3S4HM-MGCJ
U 3429000 254000 254000 0 2 0 PKG_TYPE=BGA200C65P12X22_1000X1500X100
U 3429000 0 254000 0 2 0 Description=16Gb LPDDR4 SDRAM 200FBGA, 10x15 64Mb x16DQ x8banks x2channels
U 3429000 -254000 254000 0 2 0 Datasheet Link=https://static6.arrow.com/aropdfconversion/1c2c2d924dafbdcc4bed550b169d2aeac4e8cfe7/k4f6e3s4hm-mgcj.pdf
U 3429000 -508000 254000 0 2 0 Height=1
U 3429000 -762000 254000 0 2 0 IC Components Part Number=
U 3429000 -1016000 254000 0 2 0 IC Components Price/Stock=
U 3429000 -1270000 254000 0 2 0 Manufacturer_Name=SAMSUNG
U 3429000 -1524000 254000 0 2 0 Manufacturer_Part_Number=K4F6E3S4HM-MGCJ
U 0 0 254000 0 1 0 FORWARD_PCB=1
l 5 508000 254000 3302000 254000 3302000 -25400000 508000 -25400000 508000 254000
|GRPHSTL -1 -1 -1 1
P 1 0 0 508000 0 0 2 0
L 584200 0 228600 0 2 0 1 0 DNU_1
A 355600 50800 203200 0 9 3 #=A1
A 0 0 9 0 3 0 PINTYPE=BI
P 2 0 -254000 508000 -254000 0 2 0
L 584200 -254000 228600 0 2 0 1 0 DNU_2
A 355600 -203200 203200 0 9 3 #=A2
A 0 0 9 0 3 0 PINTYPE=BI
P 3 0 -508000 508000 -508000 0 2 0
L 584200 -508000 228600 0 2 0 1 0 VSS_1
A 355600 -457200 203200 0 9 3 #=A3
A 0 0 9 0 3 0 PINTYPE=BI
P 4 0 -762000 508000 -762000 0 2 0
L 584200 -762000 228600 0 2 0 1 0 VDD2_1
A 355600 -711200 203200 0 9 3 #=A4
A 0 0 9 0 3 0 PINTYPE=BI
P 5 0 -1016000 508000 -1016000 0 2 0
L 584200 -1016000 228600 0 2 0 1 0 ZQ
A 355600 -965200 203200 0 9 3 #=A5
A 0 0 9 0 3 0 PINTYPE=BI
P 6 0 -1270000 508000 -1270000 0 2 0
L 584200 -1270000 228600 0 2 0 1 0 NC_1
A 355600 -1219200 203200 0 9 3 #=A8
A 0 0 9 0 3 0 PINTYPE=BI
P 7 0 -1524000 508000 -1524000 0 2 0
L 584200 -1524000 228600 0 2 0 1 0 VDD2_2
A 355600 -1473200 203200 0 9 3 #=A9
A 0 0 9 0 3 0 PINTYPE=BI
P 8 0 -1778000 508000 -1778000 0 2 0
L 584200 -1778000 228600 0 2 0 1 0 VSS_2
A 355600 -1727200 203200 0 9 3 #=A10
A 0 0 9 0 3 0 PINTYPE=BI
P 9 0 -2032000 508000 -2032000 0 2 0
L 584200 -2032000 228600 0 2 0 1 0 DNU_3
A 355600 -1981200 203200 0 9 3 #=A11
A 0 0 9 0 3 0 PINTYPE=BI
P 10 0 -2286000 508000 -2286000 0 2 0
L 584200 -2286000 228600 0 2 0 1 0 DNU_4
A 355600 -2235200 203200 0 9 3 #=A12
A 0 0 9 0 3 0 PINTYPE=BI
P 11 0 -2540000 508000 -2540000 0 2 0
L 584200 -2540000 228600 0 2 0 1 0 DNU_5
A 355600 -2489200 203200 0 9 3 #=B1
A 0 0 9 0 3 0 PINTYPE=BI
P 12 0 -2794000 508000 -2794000 0 2 0
L 584200 -2794000 228600 0 2 0 1 0 DQ0_A
A 355600 -2743200 203200 0 9 3 #=B2
A 0 0 9 0 3 0 PINTYPE=BI
P 13 0 -3048000 508000 -3048000 0 2 0
L 584200 -3048000 228600 0 2 0 1 0 VDDQ_1
A 355600 -2997200 203200 0 9 3 #=B3
A 0 0 9 0 3 0 PINTYPE=BI
P 14 0 -3302000 508000 -3302000 0 2 0
L 584200 -3302000 228600 0 2 0 1 0 DQ7_A
A 355600 -3251200 203200 0 9 3 #=B4
A 0 0 9 0 3 0 PINTYPE=BI
P 15 0 -3556000 508000 -3556000 0 2 0
L 584200 -3556000 228600 0 2 0 1 0 VDDQ_2
A 355600 -3505200 203200 0 9 3 #=B5
A 0 0 9 0 3 0 PINTYPE=BI
P 16 0 -3810000 508000 -3810000 0 2 0
L 584200 -3810000 228600 0 2 0 1 0 VDDQ_3
A 355600 -3759200 203200 0 9 3 #=B8
A 0 0 9 0 3 0 PINTYPE=BI
P 17 0 -4064000 508000 -4064000 0 2 0
L 584200 -4064000 228600 0 2 0 1 0 DQ15_A
A 355600 -4013200 203200 0 9 3 #=B9
A 0 0 9 0 3 0 PINTYPE=BI
P 18 0 -4318000 508000 -4318000 0 2 0
L 584200 -4318000 228600 0 2 0 1 0 VDDQ_4
A 355600 -4267200 203200 0 9 3 #=B10
A 0 0 9 0 3 0 PINTYPE=BI
P 19 0 -4572000 508000 -4572000 0 2 0
L 584200 -4572000 228600 0 2 0 1 0 DQ8_A
A 355600 -4521200 203200 0 9 3 #=B11
A 0 0 9 0 3 0 PINTYPE=BI
P 20 0 -4826000 508000 -4826000 0 2 0
L 584200 -4826000 228600 0 2 0 1 0 DNU_6
A 355600 -4775200 203200 0 9 3 #=B12
A 0 0 9 0 3 0 PINTYPE=BI
P 21 0 -5080000 508000 -5080000 0 2 0
L 584200 -5080000 228600 0 2 0 1 0 VSS_3
A 355600 -5029200 203200 0 9 3 #=C1
A 0 0 9 0 3 0 PINTYPE=BI
P 22 0 -5334000 508000 -5334000 0 2 0
L 584200 -5334000 228600 0 2 0 1 0 DQ1_A
A 355600 -5283200 203200 0 9 3 #=C2
A 0 0 9 0 3 0 PINTYPE=BI
P 23 0 -5588000 508000 -5588000 0 2 0
L 584200 -5588000 228600 0 2 0 1 0 DMI0_A
A 355600 -5537200 203200 0 9 3 #=C3
A 0 0 9 0 3 0 PINTYPE=BI
P 24 0 -5842000 508000 -5842000 0 2 0
L 584200 -5842000 228600 0 2 0 1 0 DQ6_A
A 355600 -5791200 203200 0 9 3 #=C4
A 0 0 9 0 3 0 PINTYPE=BI
P 25 0 -6096000 508000 -6096000 0 2 0
L 584200 -6096000 228600 0 2 0 1 0 VSS_4
A 355600 -6045200 203200 0 9 3 #=C5
A 0 0 9 0 3 0 PINTYPE=BI
P 26 0 -6350000 508000 -6350000 0 2 0
L 584200 -6350000 228600 0 2 0 1 0 VSS_5
A 355600 -6299200 203200 0 9 3 #=C8
A 0 0 9 0 3 0 PINTYPE=BI
P 27 0 -6604000 508000 -6604000 0 2 0
L 584200 -6604000 228600 0 2 0 1 0 DQ14_A
A 355600 -6553200 203200 0 9 3 #=C9
A 0 0 9 0 3 0 PINTYPE=BI
P 28 0 -6858000 508000 -6858000 0 2 0
L 584200 -6858000 228600 0 2 0 1 0 DMI1_A
A 355600 -6807200 203200 0 9 3 #=C10
A 0 0 9 0 3 0 PINTYPE=BI
P 29 0 -7112000 508000 -7112000 0 2 0
L 584200 -7112000 228600 0 2 0 1 0 DQ9_A
A 355600 -7061200 203200 0 9 3 #=C11
A 0 0 9 0 3 0 PINTYPE=BI
P 30 0 -7366000 508000 -7366000 0 2 0
L 584200 -7366000 228600 0 2 0 1 0 VSS_6
A 355600 -7315200 203200 0 9 3 #=C12
A 0 0 9 0 3 0 PINTYPE=BI
P 31 0 -7620000 508000 -7620000 0 2 0
L 584200 -7620000 228600 0 2 0 1 0 VDDQ_5
A 355600 -7569200 203200 0 9 3 #=D1
A 0 0 9 0 3 0 PINTYPE=BI
P 32 0 -7874000 508000 -7874000 0 2 0
L 584200 -7874000 228600 0 2 0 1 0 VSS_7
A 355600 -7823200 203200 0 9 3 #=D2
A 0 0 9 0 3 0 PINTYPE=BI
P 33 0 -8128000 508000 -8128000 0 2 0
L 584200 -8128000 228600 0 2 0 1 0 DQS0_T_A
A 355600 -8077200 203200 0 9 3 #=D3
A 0 0 9 0 3 0 PINTYPE=BI
P 34 0 -8382000 508000 -8382000 0 2 0
L 584200 -8382000 228600 0 2 0 1 0 VSS_8
A 355600 -8331200 203200 0 9 3 #=D4
A 0 0 9 0 3 0 PINTYPE=BI
P 35 0 -8636000 508000 -8636000 0 2 0
L 584200 -8636000 228600 0 2 0 1 0 VDDQ_6
A 355600 -8585200 203200 0 9 3 #=D5
A 0 0 9 0 3 0 PINTYPE=BI
P 36 0 -8890000 508000 -8890000 0 2 0
L 584200 -8890000 228600 0 2 0 1 0 VDDQ_7
A 355600 -8839200 203200 0 9 3 #=D8
A 0 0 9 0 3 0 PINTYPE=BI
P 37 0 -9144000 508000 -9144000 0 2 0
L 584200 -9144000 228600 0 2 0 1 0 VSS_9
A 355600 -9093200 203200 0 9 3 #=D9
A 0 0 9 0 3 0 PINTYPE=BI
P 38 0 -9398000 508000 -9398000 0 2 0
L 584200 -9398000 228600 0 2 0 1 0 DQS1_T_A
A 355600 -9347200 203200 0 9 3 #=D10
A 0 0 9 0 3 0 PINTYPE=BI
P 39 0 -9652000 508000 -9652000 0 2 0
L 584200 -9652000 228600 0 2 0 1 0 VSS_10
A 355600 -9601200 203200 0 9 3 #=D11
A 0 0 9 0 3 0 PINTYPE=BI
P 40 0 -9906000 508000 -9906000 0 2 0
L 584200 -9906000 228600 0 2 0 1 0 VDDQ_8
A 355600 -9855200 203200 0 9 3 #=D12
A 0 0 9 0 3 0 PINTYPE=BI
P 41 0 -10160000 508000 -10160000 0 2 0
L 584200 -10160000 228600 0 2 0 1 0 VSS_11
A 355600 -10109200 203200 0 9 3 #=E1
A 0 0 9 0 3 0 PINTYPE=BI
P 42 0 -10414000 508000 -10414000 0 2 0
L 584200 -10414000 228600 0 2 0 1 0 DQ2_A
A 355600 -10363200 203200 0 9 3 #=E2
A 0 0 9 0 3 0 PINTYPE=BI
P 43 0 -10668000 508000 -10668000 0 2 0
L 584200 -10668000 228600 0 2 0 1 0 DQS0_C_A
A 355600 -10617200 203200 0 9 3 #=E3
A 0 0 9 0 3 0 PINTYPE=BI
P 44 0 -10922000 508000 -10922000 0 2 0
L 584200 -10922000 228600 0 2 0 1 0 DQ5_A
A 355600 -10871200 203200 0 9 3 #=E4
A 0 0 9 0 3 0 PINTYPE=BI
P 45 0 -11176000 508000 -11176000 0 2 0
L 584200 -11176000 228600 0 2 0 1 0 VSS_12
A 355600 -11125200 203200 0 9 3 #=E5
A 0 0 9 0 3 0 PINTYPE=BI
P 46 0 -11430000 508000 -11430000 0 2 0
L 584200 -11430000 228600 0 2 0 1 0 VSS_13
A 355600 -11379200 203200 0 9 3 #=E8
A 0 0 9 0 3 0 PINTYPE=BI
P 47 0 -11684000 508000 -11684000 0 2 0
L 584200 -11684000 228600 0 2 0 1 0 DQ13_A
A 355600 -11633200 203200 0 9 3 #=E9
A 0 0 9 0 3 0 PINTYPE=BI
P 48 0 -11938000 508000 -11938000 0 2 0
L 584200 -11938000 228600 0 2 0 1 0 DQS1_C_A
A 355600 -11887200 203200 0 9 3 #=E10
A 0 0 9 0 3 0 PINTYPE=BI
P 49 0 -12192000 508000 -12192000 0 2 0
L 584200 -12192000 228600 0 2 0 1 0 DQ10_A
A 355600 -12141200 203200 0 9 3 #=E11
A 0 0 9 0 3 0 PINTYPE=BI
P 50 0 -12446000 508000 -12446000 0 2 0
L 584200 -12446000 228600 0 2 0 1 0 VSS_14
A 355600 -12395200 203200 0 9 3 #=E12
A 0 0 9 0 3 0 PINTYPE=BI
P 51 0 -12700000 508000 -12700000 0 2 0
L 584200 -12700000 228600 0 2 0 1 0 VDD1_1
A 355600 -12649200 203200 0 9 3 #=F1
A 0 0 9 0 3 0 PINTYPE=BI
P 52 0 -12954000 508000 -12954000 0 2 0
L 584200 -12954000 228600 0 2 0 1 0 DQ3_A
A 355600 -12903200 203200 0 9 3 #=F2
A 0 0 9 0 3 0 PINTYPE=BI
P 53 0 -13208000 508000 -13208000 0 2 0
L 584200 -13208000 228600 0 2 0 1 0 VDDQ_9
A 355600 -13157200 203200 0 9 3 #=F3
A 0 0 9 0 3 0 PINTYPE=BI
P 54 0 -13462000 508000 -13462000 0 2 0
L 584200 -13462000 228600 0 2 0 1 0 DQ4_A
A 355600 -13411200 203200 0 9 3 #=F4
A 0 0 9 0 3 0 PINTYPE=BI
P 55 0 -13716000 508000 -13716000 0 2 0
L 584200 -13716000 228600 0 2 0 1 0 VDD2_3
A 355600 -13665200 203200 0 9 3 #=F5
A 0 0 9 0 3 0 PINTYPE=BI
P 56 0 -13970000 508000 -13970000 0 2 0
L 584200 -13970000 228600 0 2 0 1 0 VDD2_4
A 355600 -13919200 203200 0 9 3 #=F8
A 0 0 9 0 3 0 PINTYPE=BI
P 57 0 -14224000 508000 -14224000 0 2 0
L 584200 -14224000 228600 0 2 0 1 0 DQ12_A
A 355600 -14173200 203200 0 9 3 #=F9
A 0 0 9 0 3 0 PINTYPE=BI
P 58 0 -14478000 508000 -14478000 0 2 0
L 584200 -14478000 228600 0 2 0 1 0 VDDQ_10
A 355600 -14427200 203200 0 9 3 #=F10
A 0 0 9 0 3 0 PINTYPE=BI
P 59 0 -14732000 508000 -14732000 0 2 0
L 584200 -14732000 228600 0 2 0 1 0 DQ11_A
A 355600 -14681200 203200 0 9 3 #=F11
A 0 0 9 0 3 0 PINTYPE=BI
P 60 0 -14986000 508000 -14986000 0 2 0
L 584200 -14986000 228600 0 2 0 1 0 VDD1_2
A 355600 -14935200 203200 0 9 3 #=F12
A 0 0 9 0 3 0 PINTYPE=BI
P 61 0 -15240000 508000 -15240000 0 2 0
L 584200 -15240000 228600 0 2 0 1 0 VSS_15
A 355600 -15189200 203200 0 9 3 #=G1
A 0 0 9 0 3 0 PINTYPE=BI
P 62 0 -15494000 508000 -15494000 0 2 0
L 584200 -15494000 228600 0 2 0 1 0 ODT_CA_A
A 355600 -15443200 203200 0 9 3 #=G2
A 0 0 9 0 3 0 PINTYPE=BI
P 63 0 -15748000 508000 -15748000 0 2 0
L 584200 -15748000 228600 0 2 0 1 0 VSS_16
A 355600 -15697200 203200 0 9 3 #=G3
A 0 0 9 0 3 0 PINTYPE=BI
P 64 0 -16002000 508000 -16002000 0 2 0
L 584200 -16002000 228600 0 2 0 1 0 VDD1_3
A 355600 -15951200 203200 0 9 3 #=G4
A 0 0 9 0 3 0 PINTYPE=BI
P 65 0 -16256000 508000 -16256000 0 2 0
L 584200 -16256000 228600 0 2 0 1 0 VSS_17
A 355600 -16205200 203200 0 9 3 #=G5
A 0 0 9 0 3 0 PINTYPE=BI
P 66 0 -16510000 508000 -16510000 0 2 0
L 584200 -16510000 228600 0 2 0 1 0 VSS_18
A 355600 -16459200 203200 0 9 3 #=G8
A 0 0 9 0 3 0 PINTYPE=BI
P 67 0 -16764000 508000 -16764000 0 2 0
L 584200 -16764000 228600 0 2 0 1 0 VDD1_4
A 355600 -16713200 203200 0 9 3 #=G9
A 0 0 9 0 3 0 PINTYPE=BI
P 68 0 -17018000 508000 -17018000 0 2 0
L 584200 -17018000 228600 0 2 0 1 0 VSS_19
A 355600 -16967200 203200 0 9 3 #=G10
A 0 0 9 0 3 0 PINTYPE=BI
P 69 0 -17272000 508000 -17272000 0 2 0
L 584200 -17272000 228600 0 2 0 1 0 DNU_7
A 355600 -17221200 203200 0 9 3 #=G11
A 0 0 9 0 3 0 PINTYPE=BI
P 70 0 -17526000 508000 -17526000 0 2 0
L 584200 -17526000 228600 0 2 0 1 0 VSS_20
A 355600 -17475200 203200 0 9 3 #=G12
A 0 0 9 0 3 0 PINTYPE=BI
P 71 0 -17780000 508000 -17780000 0 2 0
L 584200 -17780000 228600 0 2 0 1 0 VDD2_5
A 355600 -17729200 203200 0 9 3 #=H1
A 0 0 9 0 3 0 PINTYPE=BI
P 72 0 -18034000 508000 -18034000 0 2 0
L 584200 -18034000 228600 0 2 0 1 0 CA0_A
A 355600 -17983200 203200 0 9 3 #=H2
A 0 0 9 0 3 0 PINTYPE=BI
P 73 0 -18288000 508000 -18288000 0 2 0
L 584200 -18288000 228600 0 2 0 1 0 NC_2
A 355600 -18237200 203200 0 9 3 #=H3
A 0 0 9 0 3 0 PINTYPE=BI
P 74 0 -18542000 508000 -18542000 0 2 0
L 584200 -18542000 228600 0 2 0 1 0 CS_A
A 355600 -18491200 203200 0 9 3 #=H4
A 0 0 9 0 3 0 PINTYPE=BI
P 75 0 -18796000 508000 -18796000 0 2 0
L 584200 -18796000 228600 0 2 0 1 0 VDD2_6
A 355600 -18745200 203200 0 9 3 #=H5
A 0 0 9 0 3 0 PINTYPE=BI
P 76 0 -19050000 508000 -19050000 0 2 0
L 584200 -19050000 228600 0 2 0 1 0 VDD2_7
A 355600 -18999200 203200 0 9 3 #=H8
A 0 0 9 0 3 0 PINTYPE=BI
P 77 0 -19304000 508000 -19304000 0 2 0
L 584200 -19304000 228600 0 2 0 1 0 CA2_A
A 355600 -19253200 203200 0 9 3 #=H9
A 0 0 9 0 3 0 PINTYPE=BI
P 78 0 -19558000 508000 -19558000 0 2 0
L 584200 -19558000 228600 0 2 0 1 0 CA3_A
A 355600 -19507200 203200 0 9 3 #=H10
A 0 0 9 0 3 0 PINTYPE=BI
P 79 0 -19812000 508000 -19812000 0 2 0
L 584200 -19812000 228600 0 2 0 1 0 CA4_A
A 355600 -19761200 203200 0 9 3 #=H11
A 0 0 9 0 3 0 PINTYPE=BI
P 80 0 -20066000 508000 -20066000 0 2 0
L 584200 -20066000 228600 0 2 0 1 0 VDD2_8
A 355600 -20015200 203200 0 9 3 #=H12
A 0 0 9 0 3 0 PINTYPE=BI
P 81 0 -20320000 508000 -20320000 0 2 0
L 584200 -20320000 228600 0 2 0 1 0 VSS_21
A 355600 -20269200 203200 0 9 3 #=J1
A 0 0 9 0 3 0 PINTYPE=BI
P 82 0 -20574000 508000 -20574000 0 2 0
L 584200 -20574000 228600 0 2 0 1 0 CA1_A
A 355600 -20523200 203200 0 9 3 #=J2
A 0 0 9 0 3 0 PINTYPE=BI
P 83 0 -20828000 508000 -20828000 0 2 0
L 584200 -20828000 228600 0 2 0 1 0 VSS_22
A 355600 -20777200 203200 0 9 3 #=J3
A 0 0 9 0 3 0 PINTYPE=BI
P 84 0 -21082000 508000 -21082000 0 2 0
L 584200 -21082000 228600 0 2 0 1 0 CKE_A
A 355600 -21031200 203200 0 9 3 #=J4
A 0 0 9 0 3 0 PINTYPE=BI
P 85 0 -21336000 508000 -21336000 0 2 0
L 584200 -21336000 228600 0 2 0 1 0 NC_3
A 355600 -21285200 203200 0 9 3 #=J5
A 0 0 9 0 3 0 PINTYPE=BI
P 86 0 -21590000 508000 -21590000 0 2 0
L 584200 -21590000 228600 0 2 0 1 0 CK_T_A
A 355600 -21539200 203200 0 9 3 #=J8
A 0 0 9 0 3 0 PINTYPE=BI
P 87 0 -21844000 508000 -21844000 0 2 0
L 584200 -21844000 228600 0 2 0 1 0 CK_C_A
A 355600 -21793200 203200 0 9 3 #=J9
A 0 0 9 0 3 0 PINTYPE=BI
P 88 0 -22098000 508000 -22098000 0 2 0
L 584200 -22098000 228600 0 2 0 1 0 VSS_23
A 355600 -22047200 203200 0 9 3 #=J10
A 0 0 9 0 3 0 PINTYPE=BI
P 89 0 -22352000 508000 -22352000 0 2 0
L 584200 -22352000 228600 0 2 0 1 0 CA5_A
A 355600 -22301200 203200 0 9 3 #=J11
A 0 0 9 0 3 0 PINTYPE=BI
P 90 0 -22606000 508000 -22606000 0 2 0
L 584200 -22606000 228600 0 2 0 1 0 VSS_24
A 355600 -22555200 203200 0 9 3 #=J12
A 0 0 9 0 3 0 PINTYPE=BI
P 91 0 -22860000 508000 -22860000 0 2 0
L 584200 -22860000 228600 0 2 0 1 0 VDD2_9
A 355600 -22809200 203200 0 9 3 #=K1
A 0 0 9 0 3 0 PINTYPE=BI
P 92 0 -23114000 508000 -23114000 0 2 0
L 584200 -23114000 228600 0 2 0 1 0 VSS_25
A 355600 -23063200 203200 0 9 3 #=K2
A 0 0 9 0 3 0 PINTYPE=BI
P 93 0 -23368000 508000 -23368000 0 2 0
L 584200 -23368000 228600 0 2 0 1 0 VDD2_10
A 355600 -23317200 203200 0 9 3 #=K3
A 0 0 9 0 3 0 PINTYPE=BI
P 94 0 -23622000 508000 -23622000 0 2 0
L 584200 -23622000 228600 0 2 0 1 0 VSS_26
A 355600 -23571200 203200 0 9 3 #=K4
A 0 0 9 0 3 0 PINTYPE=BI
P 95 0 -23876000 508000 -23876000 0 2 0
L 584200 -23876000 228600 0 2 0 1 0 DNU_8
A 355600 -23825200 203200 0 9 3 #=K5
A 0 0 9 0 3 0 PINTYPE=BI
P 96 0 -24130000 508000 -24130000 0 2 0
L 584200 -24130000 228600 0 2 0 1 0 DNU_9
A 355600 -24079200 203200 0 9 3 #=K8
A 0 0 9 0 3 0 PINTYPE=BI
P 97 0 -24384000 508000 -24384000 0 2 0
L 584200 -24384000 228600 0 2 0 1 0 VSS_27
A 355600 -24333200 203200 0 9 3 #=K9
A 0 0 9 0 3 0 PINTYPE=BI
P 98 0 -24638000 508000 -24638000 0 2 0
L 584200 -24638000 228600 0 2 0 1 0 VDD2_11
A 355600 -24587200 203200 0 9 3 #=K10
A 0 0 9 0 3 0 PINTYPE=BI
P 99 0 -24892000 508000 -24892000 0 2 0
L 584200 -24892000 228600 0 2 0 1 0 VSS_28
A 355600 -24841200 203200 0 9 3 #=K11
A 0 0 9 0 3 0 PINTYPE=BI
P 100 0 -25146000 508000 -25146000 0 2 0
L 584200 -25146000 228600 0 2 0 1 0 VDD2_12
A 355600 -25095200 203200 0 9 3 #=K12
A 0 0 9 0 3 0 PINTYPE=BI
P 101 3810000 0 3302000 0 0 3 0
L 3225800 0 228600 0 8 0 1 0 VDD2_13
A 3454400 50800 203200 0 3 3 #=N1
A 0 0 9 0 3 0 PINTYPE=BI
P 102 3810000 -254000 3302000 -254000 0 3 0
L 3225800 -254000 228600 0 8 0 1 0 VSS_29
A 3454400 -203200 203200 0 3 3 #=N2
A 0 0 9 0 3 0 PINTYPE=BI
P 103 3810000 -508000 3302000 -508000 0 3 0
L 3225800 -508000 228600 0 8 0 1 0 VDD2_14
A 3454400 -457200 203200 0 3 3 #=N3
A 0 0 9 0 3 0 PINTYPE=BI
P 104 3810000 -762000 3302000 -762000 0 3 0
L 3225800 -762000 228600 0 8 0 1 0 VSS_30
A 3454400 -711200 203200 0 3 3 #=N4
A 0 0 9 0 3 0 PINTYPE=BI
P 105 3810000 -1016000 3302000 -1016000 0 3 0
L 3225800 -1016000 228600 0 8 0 1 0 DNU_10
A 3454400 -965200 203200 0 3 3 #=N5
A 0 0 9 0 3 0 PINTYPE=BI
P 106 3810000 -1270000 3302000 -1270000 0 3 0
L 3225800 -1270000 228600 0 8 0 1 0 DNU_11
A 3454400 -1219200 203200 0 3 3 #=N8
A 0 0 9 0 3 0 PINTYPE=BI
P 107 3810000 -1524000 3302000 -1524000 0 3 0
L 3225800 -1524000 228600 0 8 0 1 0 VSS_31
A 3454400 -1473200 203200 0 3 3 #=N9
A 0 0 9 0 3 0 PINTYPE=BI
P 108 3810000 -1778000 3302000 -1778000 0 3 0
L 3225800 -1778000 228600 0 8 0 1 0 VDD2_15
A 3454400 -1727200 203200 0 3 3 #=N10
A 0 0 9 0 3 0 PINTYPE=BI
P 109 3810000 -2032000 3302000 -2032000 0 3 0
L 3225800 -2032000 228600 0 8 0 1 0 VSS_32
A 3454400 -1981200 203200 0 3 3 #=N11
A 0 0 9 0 3 0 PINTYPE=BI
P 110 3810000 -2286000 3302000 -2286000 0 3 0
L 3225800 -2286000 228600 0 8 0 1 0 VDD2_16
A 3454400 -2235200 203200 0 3 3 #=N12
A 0 0 9 0 3 0 PINTYPE=BI
P 111 3810000 -2540000 3302000 -2540000 0 3 0
L 3225800 -2540000 228600 0 8 0 1 0 VSS_33
A 3454400 -2489200 203200 0 3 3 #=P1
A 0 0 9 0 3 0 PINTYPE=BI
P 112 3810000 -2794000 3302000 -2794000 0 3 0
L 3225800 -2794000 228600 0 8 0 1 0 CA1_B
A 3454400 -2743200 203200 0 3 3 #=P2
A 0 0 9 0 3 0 PINTYPE=BI
P 113 3810000 -3048000 3302000 -3048000 0 3 0
L 3225800 -3048000 228600 0 8 0 1 0 VSS_34
A 3454400 -2997200 203200 0 3 3 #=P3
A 0 0 9 0 3 0 PINTYPE=BI
P 114 3810000 -3302000 3302000 -3302000 0 3 0
L 3225800 -3302000 228600 0 8 0 1 0 CKE_B
A 3454400 -3251200 203200 0 3 3 #=P4
A 0 0 9 0 3 0 PINTYPE=BI
P 115 3810000 -3556000 3302000 -3556000 0 3 0
L 3225800 -3556000 228600 0 8 0 1 0 NC_4
A 3454400 -3505200 203200 0 3 3 #=P5
A 0 0 9 0 3 0 PINTYPE=BI
P 116 3810000 -3810000 3302000 -3810000 0 3 0
L 3225800 -3810000 228600 0 8 0 1 0 CK_T_B
A 3454400 -3759200 203200 0 3 3 #=P8
A 0 0 9 0 3 0 PINTYPE=BI
P 117 3810000 -4064000 3302000 -4064000 0 3 0
L 3225800 -4064000 228600 0 8 0 1 0 CK_C_B
A 3454400 -4013200 203200 0 3 3 #=P9
A 0 0 9 0 3 0 PINTYPE=BI
P 118 3810000 -4318000 3302000 -4318000 0 3 0
L 3225800 -4318000 228600 0 8 0 1 0 VSS_35
A 3454400 -4267200 203200 0 3 3 #=P10
A 0 0 9 0 3 0 PINTYPE=BI
P 119 3810000 -4572000 3302000 -4572000 0 3 0
L 3225800 -4572000 228600 0 8 0 1 0 CA5_B
A 3454400 -4521200 203200 0 3 3 #=P11
A 0 0 9 0 3 0 PINTYPE=BI
P 120 3810000 -4826000 3302000 -4826000 0 3 0
L 3225800 -4826000 228600 0 8 0 1 0 VSS_36
A 3454400 -4775200 203200 0 3 3 #=P12
A 0 0 9 0 3 0 PINTYPE=BI
P 121 3810000 -5080000 3302000 -5080000 0 3 0
L 3225800 -5080000 228600 0 8 0 1 0 VDD2_17
A 3454400 -5029200 203200 0 3 3 #=R1
A 0 0 9 0 3 0 PINTYPE=BI
P 122 3810000 -5334000 3302000 -5334000 0 3 0
L 3225800 -5334000 228600 0 8 0 1 0 CA0_B
A 3454400 -5283200 203200 0 3 3 #=R2
A 0 0 9 0 3 0 PINTYPE=BI
P 123 3810000 -5588000 3302000 -5588000 0 3 0
L 3225800 -5588000 228600 0 8 0 1 0 NC_5
A 3454400 -5537200 203200 0 3 3 #=R3
A 0 0 9 0 3 0 PINTYPE=BI
P 124 3810000 -5842000 3302000 -5842000 0 3 0
L 3225800 -5842000 228600 0 8 0 1 0 CS_B
A 3454400 -5791200 203200 0 3 3 #=R4
A 0 0 9 0 3 0 PINTYPE=BI
P 125 3810000 -6096000 3302000 -6096000 0 3 0
L 3225800 -6096000 228600 0 8 0 1 0 VDD2_18
A 3454400 -6045200 203200 0 3 3 #=R5
A 0 0 9 0 3 0 PINTYPE=BI
P 126 3810000 -6350000 3302000 -6350000 0 3 0
L 3225800 -6350000 228600 0 8 0 1 0 VDD2_19
A 3454400 -6299200 203200 0 3 3 #=R8
A 0 0 9 0 3 0 PINTYPE=BI
P 127 3810000 -6604000 3302000 -6604000 0 3 0
L 3225800 -6604000 228600 0 8 0 1 0 CA2_B
A 3454400 -6553200 203200 0 3 3 #=R9
A 0 0 9 0 3 0 PINTYPE=BI
P 128 3810000 -6858000 3302000 -6858000 0 3 0
L 3225800 -6858000 228600 0 8 0 1 0 CA3_B
A 3454400 -6807200 203200 0 3 3 #=R10
A 0 0 9 0 3 0 PINTYPE=BI
P 129 3810000 -7112000 3302000 -7112000 0 3 0
L 3225800 -7112000 228600 0 8 0 1 0 CA4_B
A 3454400 -7061200 203200 0 3 3 #=R11
A 0 0 9 0 3 0 PINTYPE=BI
P 130 3810000 -7366000 3302000 -7366000 0 3 0
L 3225800 -7366000 228600 0 8 0 1 0 VDD2_20
A 3454400 -7315200 203200 0 3 3 #=R12
A 0 0 9 0 3 0 PINTYPE=BI
P 131 3810000 -7620000 3302000 -7620000 0 3 0
L 3225800 -7620000 228600 0 8 0 1 0 VSS_37
A 3454400 -7569200 203200 0 3 3 #=T1
A 0 0 9 0 3 0 PINTYPE=BI
P 132 3810000 -7874000 3302000 -7874000 0 3 0
L 3225800 -7874000 228600 0 8 0 1 0 ODT_CA_B
A 3454400 -7823200 203200 0 3 3 #=T2
A 0 0 9 0 3 0 PINTYPE=BI
P 133 3810000 -8128000 3302000 -8128000 0 3 0
L 3225800 -8128000 228600 0 8 0 1 0 VSS_38
A 3454400 -8077200 203200 0 3 3 #=T3
A 0 0 9 0 3 0 PINTYPE=BI
P 134 3810000 -8382000 3302000 -8382000 0 3 0
L 3225800 -8382000 228600 0 8 0 1 0 VDD1_5
A 3454400 -8331200 203200 0 3 3 #=T4
A 0 0 9 0 3 0 PINTYPE=BI
P 135 3810000 -8636000 3302000 -8636000 0 3 0
L 3225800 -8636000 228600 0 8 0 1 0 VSS_39
A 3454400 -8585200 203200 0 3 3 #=T5
A 0 0 9 0 3 0 PINTYPE=BI
P 136 3810000 -8890000 3302000 -8890000 0 3 0
L 3225800 -8890000 228600 0 8 0 1 0 VSS_40
A 3454400 -8839200 203200 0 3 3 #=T8
A 0 0 9 0 3 0 PINTYPE=BI
P 137 3810000 -9144000 3302000 -9144000 0 3 0
L 3225800 -9144000 228600 0 8 0 1 0 VDD1_6
A 3454400 -9093200 203200 0 3 3 #=T9
A 0 0 9 0 3 0 PINTYPE=BI
P 138 3810000 -9398000 3302000 -9398000 0 3 0
L 3225800 -9398000 228600 0 8 0 1 0 VSS_41
A 3454400 -9347200 203200 0 3 3 #=T10
A 0 0 9 0 3 0 PINTYPE=BI
P 139 3810000 -9652000 3302000 -9652000 0 3 0
L 3225800 -9652000 228600 0 8 0 1 0 RESET_N
A 3454400 -9601200 203200 0 3 3 #=T11
A 0 0 9 0 3 0 PINTYPE=BI
P 140 3810000 -9906000 3302000 -9906000 0 3 0
L 3225800 -9906000 228600 0 8 0 1 0 VSS_42
A 3454400 -9855200 203200 0 3 3 #=T12
A 0 0 9 0 3 0 PINTYPE=BI
P 141 3810000 -10160000 3302000 -10160000 0 3 0
L 3225800 -10160000 228600 0 8 0 1 0 VDD1_7
A 3454400 -10109200 203200 0 3 3 #=U1
A 0 0 9 0 3 0 PINTYPE=BI
P 142 3810000 -10414000 3302000 -10414000 0 3 0
L 3225800 -10414000 228600 0 8 0 1 0 DQ3_B
A 3454400 -10363200 203200 0 3 3 #=U2
A 0 0 9 0 3 0 PINTYPE=BI
P 143 3810000 -10668000 3302000 -10668000 0 3 0
L 3225800 -10668000 228600 0 8 0 1 0 VDDQ_11
A 3454400 -10617200 203200 0 3 3 #=U3
A 0 0 9 0 3 0 PINTYPE=BI
P 144 3810000 -10922000 3302000 -10922000 0 3 0
L 3225800 -10922000 228600 0 8 0 1 0 DQ4_B
A 3454400 -10871200 203200 0 3 3 #=U4
A 0 0 9 0 3 0 PINTYPE=BI
P 145 3810000 -11176000 3302000 -11176000 0 3 0
L 3225800 -11176000 228600 0 8 0 1 0 VDD2_21
A 3454400 -11125200 203200 0 3 3 #=U5
A 0 0 9 0 3 0 PINTYPE=BI
P 146 3810000 -11430000 3302000 -11430000 0 3 0
L 3225800 -11430000 228600 0 8 0 1 0 VDD2_22
A 3454400 -11379200 203200 0 3 3 #=U8
A 0 0 9 0 3 0 PINTYPE=BI
P 147 3810000 -11684000 3302000 -11684000 0 3 0
L 3225800 -11684000 228600 0 8 0 1 0 DQ12_B
A 3454400 -11633200 203200 0 3 3 #=U9
A 0 0 9 0 3 0 PINTYPE=BI
P 148 3810000 -11938000 3302000 -11938000 0 3 0
L 3225800 -11938000 228600 0 8 0 1 0 VDDQ_12
A 3454400 -11887200 203200 0 3 3 #=U10
A 0 0 9 0 3 0 PINTYPE=BI
P 149 3810000 -12192000 3302000 -12192000 0 3 0
L 3225800 -12192000 228600 0 8 0 1 0 DQ11_B
A 3454400 -12141200 203200 0 3 3 #=U11
A 0 0 9 0 3 0 PINTYPE=BI
P 150 3810000 -12446000 3302000 -12446000 0 3 0
L 3225800 -12446000 228600 0 8 0 1 0 VDD1_8
A 3454400 -12395200 203200 0 3 3 #=U12
A 0 0 9 0 3 0 PINTYPE=BI
P 151 3810000 -12700000 3302000 -12700000 0 3 0
L 3225800 -12700000 228600 0 8 0 1 0 VSS_43
A 3454400 -12649200 203200 0 3 3 #=V1
A 0 0 9 0 3 0 PINTYPE=BI
P 152 3810000 -12954000 3302000 -12954000 0 3 0
L 3225800 -12954000 228600 0 8 0 1 0 DQ2_B
A 3454400 -12903200 203200 0 3 3 #=V2
A 0 0 9 0 3 0 PINTYPE=BI
P 153 3810000 -13208000 3302000 -13208000 0 3 0
L 3225800 -13208000 228600 0 8 0 1 0 DQS0_C_B
A 3454400 -13157200 203200 0 3 3 #=V3
A 0 0 9 0 3 0 PINTYPE=BI
P 154 3810000 -13462000 3302000 -13462000 0 3 0
L 3225800 -13462000 228600 0 8 0 1 0 DQ5_B
A 3454400 -13411200 203200 0 3 3 #=V4
A 0 0 9 0 3 0 PINTYPE=BI
P 155 3810000 -13716000 3302000 -13716000 0 3 0
L 3225800 -13716000 228600 0 8 0 1 0 VSS_44
A 3454400 -13665200 203200 0 3 3 #=V5
A 0 0 9 0 3 0 PINTYPE=BI
P 156 3810000 -13970000 3302000 -13970000 0 3 0
L 3225800 -13970000 228600 0 8 0 1 0 VSS_45
A 3454400 -13919200 203200 0 3 3 #=V8
A 0 0 9 0 3 0 PINTYPE=BI
P 157 3810000 -14224000 3302000 -14224000 0 3 0
L 3225800 -14224000 228600 0 8 0 1 0 DQ13_B
A 3454400 -14173200 203200 0 3 3 #=V9
A 0 0 9 0 3 0 PINTYPE=BI
P 158 3810000 -14478000 3302000 -14478000 0 3 0
L 3225800 -14478000 228600 0 8 0 1 0 DQS1_C_B
A 3454400 -14427200 203200 0 3 3 #=V10
A 0 0 9 0 3 0 PINTYPE=BI
P 159 3810000 -14732000 3302000 -14732000 0 3 0
L 3225800 -14732000 228600 0 8 0 1 0 DQ10_B
A 3454400 -14681200 203200 0 3 3 #=V11
A 0 0 9 0 3 0 PINTYPE=BI
P 160 3810000 -14986000 3302000 -14986000 0 3 0
L 3225800 -14986000 228600 0 8 0 1 0 VSS_46
A 3454400 -14935200 203200 0 3 3 #=V12
A 0 0 9 0 3 0 PINTYPE=BI
P 161 3810000 -15240000 3302000 -15240000 0 3 0
L 3225800 -15240000 228600 0 8 0 1 0 VDDQ_13
A 3454400 -15189200 203200 0 3 3 #=W1
A 0 0 9 0 3 0 PINTYPE=BI
P 162 3810000 -15494000 3302000 -15494000 0 3 0
L 3225800 -15494000 228600 0 8 0 1 0 VSS_47
A 3454400 -15443200 203200 0 3 3 #=W2
A 0 0 9 0 3 0 PINTYPE=BI
P 163 3810000 -15748000 3302000 -15748000 0 3 0
L 3225800 -15748000 228600 0 8 0 1 0 DQS0_T_B
A 3454400 -15697200 203200 0 3 3 #=W3
A 0 0 9 0 3 0 PINTYPE=BI
P 164 3810000 -16002000 3302000 -16002000 0 3 0
L 3225800 -16002000 228600 0 8 0 1 0 VSS_48
A 3454400 -15951200 203200 0 3 3 #=W4
A 0 0 9 0 3 0 PINTYPE=BI
P 165 3810000 -16256000 3302000 -16256000 0 3 0
L 3225800 -16256000 228600 0 8 0 1 0 VDDQ_14
A 3454400 -16205200 203200 0 3 3 #=W5
A 0 0 9 0 3 0 PINTYPE=BI
P 166 3810000 -16510000 3302000 -16510000 0 3 0
L 3225800 -16510000 228600 0 8 0 1 0 VDDQ_15
A 3454400 -16459200 203200 0 3 3 #=W8
A 0 0 9 0 3 0 PINTYPE=BI
P 167 3810000 -16764000 3302000 -16764000 0 3 0
L 3225800 -16764000 228600 0 8 0 1 0 VSS_49
A 3454400 -16713200 203200 0 3 3 #=W9
A 0 0 9 0 3 0 PINTYPE=BI
P 168 3810000 -17018000 3302000 -17018000 0 3 0
L 3225800 -17018000 228600 0 8 0 1 0 DQS1_T_B
A 3454400 -16967200 203200 0 3 3 #=W10
A 0 0 9 0 3 0 PINTYPE=BI
P 169 3810000 -17272000 3302000 -17272000 0 3 0
L 3225800 -17272000 228600 0 8 0 1 0 VSS_50
A 3454400 -17221200 203200 0 3 3 #=W11
A 0 0 9 0 3 0 PINTYPE=BI
P 170 3810000 -17526000 3302000 -17526000 0 3 0
L 3225800 -17526000 228600 0 8 0 1 0 VDDQ_16
A 3454400 -17475200 203200 0 3 3 #=W12
A 0 0 9 0 3 0 PINTYPE=BI
P 171 3810000 -17780000 3302000 -17780000 0 3 0
L 3225800 -17780000 228600 0 8 0 1 0 VSS_51
A 3454400 -17729200 203200 0 3 3 #=Y1
A 0 0 9 0 3 0 PINTYPE=BI
P 172 3810000 -18034000 3302000 -18034000 0 3 0
L 3225800 -18034000 228600 0 8 0 1 0 DQ1_B
A 3454400 -17983200 203200 0 3 3 #=Y2
A 0 0 9 0 3 0 PINTYPE=BI
P 173 3810000 -18288000 3302000 -18288000 0 3 0
L 3225800 -18288000 228600 0 8 0 1 0 DMI0_B
A 3454400 -18237200 203200 0 3 3 #=Y3
A 0 0 9 0 3 0 PINTYPE=BI
P 174 3810000 -18542000 3302000 -18542000 0 3 0
L 3225800 -18542000 228600 0 8 0 1 0 DQ6_B
A 3454400 -18491200 203200 0 3 3 #=Y4
A 0 0 9 0 3 0 PINTYPE=BI
P 175 3810000 -18796000 3302000 -18796000 0 3 0
L 3225800 -18796000 228600 0 8 0 1 0 VSS_52
A 3454400 -18745200 203200 0 3 3 #=Y5
A 0 0 9 0 3 0 PINTYPE=BI
P 176 3810000 -19050000 3302000 -19050000 0 3 0
L 3225800 -19050000 228600 0 8 0 1 0 VSS_53
A 3454400 -18999200 203200 0 3 3 #=Y8
A 0 0 9 0 3 0 PINTYPE=BI
P 177 3810000 -19304000 3302000 -19304000 0 3 0
L 3225800 -19304000 228600 0 8 0 1 0 DQ14_B
A 3454400 -19253200 203200 0 3 3 #=Y9
A 0 0 9 0 3 0 PINTYPE=BI
P 178 3810000 -19558000 3302000 -19558000 0 3 0
L 3225800 -19558000 228600 0 8 0 1 0 DMI1_B
A 3454400 -19507200 203200 0 3 3 #=Y10
A 0 0 9 0 3 0 PINTYPE=BI
P 179 3810000 -19812000 3302000 -19812000 0 3 0
L 3225800 -19812000 228600 0 8 0 1 0 DQ9_B
A 3454400 -19761200 203200 0 3 3 #=Y11
A 0 0 9 0 3 0 PINTYPE=BI
P 180 3810000 -20066000 3302000 -20066000 0 3 0
L 3225800 -20066000 228600 0 8 0 1 0 VSS_54
A 3454400 -20015200 203200 0 3 3 #=Y12
A 0 0 9 0 3 0 PINTYPE=BI
P 181 3810000 -20320000 3302000 -20320000 0 3 0
L 3225800 -20320000 228600 0 8 0 1 0 DNU_12
A 3454400 -20269200 203200 0 3 3 #=AA1
A 0 0 9 0 3 0 PINTYPE=BI
P 182 3810000 -20574000 3302000 -20574000 0 3 0
L 3225800 -20574000 228600 0 8 0 1 0 DQ0_B
A 3454400 -20523200 203200 0 3 3 #=AA2
A 0 0 9 0 3 0 PINTYPE=BI
P 183 3810000 -20828000 3302000 -20828000 0 3 0
L 3225800 -20828000 228600 0 8 0 1 0 VDDQ_17
A 3454400 -20777200 203200 0 3 3 #=AA3
A 0 0 9 0 3 0 PINTYPE=BI
P 184 3810000 -21082000 3302000 -21082000 0 3 0
L 3225800 -21082000 228600 0 8 0 1 0 DQ7_B
A 3454400 -21031200 203200 0 3 3 #=AA4
A 0 0 9 0 3 0 PINTYPE=BI
P 185 3810000 -21336000 3302000 -21336000 0 3 0
L 3225800 -21336000 228600 0 8 0 1 0 VDDQ_18
A 3454400 -21285200 203200 0 3 3 #=AA5
A 0 0 9 0 3 0 PINTYPE=BI
P 186 3810000 -21590000 3302000 -21590000 0 3 0
L 3225800 -21590000 228600 0 8 0 1 0 VDDQ_19
A 3454400 -21539200 203200 0 3 3 #=AA8
A 0 0 9 0 3 0 PINTYPE=BI
P 187 3810000 -21844000 3302000 -21844000 0 3 0
L 3225800 -21844000 228600 0 8 0 1 0 DQ15_B
A 3454400 -21793200 203200 0 3 3 #=AA9
A 0 0 9 0 3 0 PINTYPE=BI
P 188 3810000 -22098000 3302000 -22098000 0 3 0
L 3225800 -22098000 228600 0 8 0 1 0 VDDQ_20
A 3454400 -22047200 203200 0 3 3 #=AA10
A 0 0 9 0 3 0 PINTYPE=BI
P 189 3810000 -22352000 3302000 -22352000 0 3 0
L 3225800 -22352000 228600 0 8 0 1 0 DQ8_B
A 3454400 -22301200 203200 0 3 3 #=AA11
A 0 0 9 0 3 0 PINTYPE=BI
P 190 3810000 -22606000 3302000 -22606000 0 3 0
L 3225800 -22606000 228600 0 8 0 1 0 DNU_13
A 3454400 -22555200 203200 0 3 3 #=AA12
A 0 0 9 0 3 0 PINTYPE=BI
P 191 3810000 -22860000 3302000 -22860000 0 3 0
L 3225800 -22860000 228600 0 8 0 1 0 DNU_14
A 3454400 -22809200 203200 0 3 3 #=AB1
A 0 0 9 0 3 0 PINTYPE=BI
P 192 3810000 -23114000 3302000 -23114000 0 3 0
L 3225800 -23114000 228600 0 8 0 1 0 DNU_15
A 3454400 -23063200 203200 0 3 3 #=AB2
A 0 0 9 0 3 0 PINTYPE=BI
P 193 3810000 -23368000 3302000 -23368000 0 3 0
L 3225800 -23368000 228600 0 8 0 1 0 VSS_55
A 3454400 -23317200 203200 0 3 3 #=AB3
A 0 0 9 0 3 0 PINTYPE=BI
P 194 3810000 -23622000 3302000 -23622000 0 3 0
L 3225800 -23622000 228600 0 8 0 1 0 VDD2_23
A 3454400 -23571200 203200 0 3 3 #=AB4
A 0 0 9 0 3 0 PINTYPE=BI
P 195 3810000 -23876000 3302000 -23876000 0 3 0
L 3225800 -23876000 228600 0 8 0 1 0 VSS_56
A 3454400 -23825200 203200 0 3 3 #=AB5
A 0 0 9 0 3 0 PINTYPE=BI
P 196 3810000 -24130000 3302000 -24130000 0 3 0
L 3225800 -24130000 228600 0 8 0 1 0 VSS_57
A 3454400 -24079200 203200 0 3 3 #=AB8
A 0 0 9 0 3 0 PINTYPE=BI
P 197 3810000 -24384000 3302000 -24384000 0 3 0
L 3225800 -24384000 228600 0 8 0 1 0 VDD2_24
A 3454400 -24333200 203200 0 3 3 #=AB9
A 0 0 9 0 3 0 PINTYPE=BI
P 198 3810000 -24638000 3302000 -24638000 0 3 0
L 3225800 -24638000 228600 0 8 0 1 0 VSS_58
A 3454400 -24587200 203200 0 3 3 #=AB10
A 0 0 9 0 3 0 PINTYPE=BI
P 199 3810000 -24892000 3302000 -24892000 0 3 0
L 3225800 -24892000 228600 0 8 0 1 0 DNU_16
A 3454400 -24841200 203200 0 3 3 #=AB11
A 0 0 9 0 3 0 PINTYPE=BI
P 200 3810000 -25146000 3302000 -25146000 0 3 0
L 3225800 -25146000 228600 0 8 0 1 0 DNU_17
A 3454400 -25095200 203200 0 3 3 #=AB12
A 0 0 9 0 3 0 PINTYPE=BI
E
