V 54
K 1
D 0 -2540000 4318000 1524000
Y 1
U 3937000 1524000 254000 0 2 3 REFDES=IC?
U 3937000 1270000 254000 0 2 3 DEVICE=MCP3464RT-E_NC
U 3937000 1016000 254000 0 2 0 PKG_TYPE=QFN40P300X300X60-21N-D
U 3937000 762000 254000 0 2 0 Description=Analog to Digital Converters - ADC 16-bit delta-sigma ADC w/Vref, Quad channel, 3V
U 3937000 508000 254000 0 2 0 Datasheet Link=https://componentsearchengine.com/Datasheets/2/MCP3464RT-E_NC.pdf
U 3937000 254000 254000 0 2 0 Height=0.6
U 3937000 0 254000 0 2 0 Mouser Part Number=579-MCP3464RT-E/NC
U 3937000 -254000 254000 0 2 0 Mouser Price/Stock=https://www.mouser.co.uk/ProductDetail/Microchip-Technology/MCP3464RT-E-NC?qs=W%2FMpXkg%252BdQ5Ehc3kIRQ52g%3D%3D
U 3937000 -508000 254000 0 2 0 Manufacturer_Name=Microchip
U 3937000 -762000 254000 0 2 0 Manufacturer_Part_Number=MCP3464RT-E/NC
U 0 0 254000 0 1 0 FORWARD_PCB=1
l 5 508000 1016000 3810000 1016000 3810000 -2032000 508000 -2032000 508000 1016000
|GRPHSTL -1 -1 -1 1
P 1 0 0 508000 0 0 2 0
L 584200 0 228600 0 2 0 1 0 REFIN-
A 355600 50800 203200 0 9 3 #=1
A 0 0 9 0 3 0 PINTYPE=BI
P 2 0 -254000 508000 -254000 0 2 0
L 584200 -254000 228600 0 2 0 1 0 REFIN+/OUT
A 355600 -203200 203200 0 9 3 #=2
A 0 0 9 0 3 0 PINTYPE=BI
P 3 0 -508000 508000 -508000 0 2 0
L 584200 -508000 228600 0 2 0 1 0 CH0
A 355600 -457200 203200 0 9 3 #=3
A 0 0 9 0 3 0 PINTYPE=BI
P 4 0 -762000 508000 -762000 0 2 0
L 584200 -762000 228600 0 2 0 1 0 CH1
A 355600 -711200 203200 0 9 3 #=4
A 0 0 9 0 3 0 PINTYPE=BI
P 5 0 -1016000 508000 -1016000 0 2 0
L 584200 -1016000 228600 0 2 0 1 0 CH2
A 355600 -965200 203200 0 9 3 #=5
A 0 0 9 0 3 0 PINTYPE=BI
P 6 1524000 -2540000 1524000 -2032000 0 1 0
L 1524000 -1955800 228600 1 2 0 1 0 CH3
A 1473200 -2184400 203200 1 9 3 #=6
A 0 0 9 0 3 0 PINTYPE=BI
P 7 1778000 -2540000 1778000 -2032000 0 1 0
L 1778000 -1955800 228600 1 2 0 1 0 CH4
A 1727200 -2184400 203200 1 9 3 #=7
A 0 0 9 0 3 0 PINTYPE=BI
P 8 2032000 -2540000 2032000 -2032000 0 1 0
L 2032000 -1955800 228600 1 2 0 1 0 CH5
A 1981200 -2184400 203200 1 9 3 #=8
A 0 0 9 0 3 0 PINTYPE=BI
P 9 2286000 -2540000 2286000 -2032000 0 1 0
L 2286000 -1955800 228600 1 2 0 1 0 CH6
A 2235200 -2184400 203200 1 9 3 #=9
A 0 0 9 0 3 0 PINTYPE=BI
P 10 2540000 -2540000 2540000 -2032000 0 1 0
L 2540000 -1955800 228600 1 2 0 1 0 CH7
A 2489200 -2184400 203200 1 9 3 #=10
A 0 0 9 0 3 0 PINTYPE=BI
P 11 4318000 0 3810000 0 0 3 0
L 3733800 0 228600 0 8 0 1 0 ~IRQ~/MDAT
A 3962400 50800 203200 0 3 3 #=15
A 0 0 9 0 3 0 PINTYPE=BI
P 12 4318000 -254000 3810000 -254000 0 3 0
L 3733800 -254000 228600 0 8 0 1 0 SDO
A 3962400 -203200 203200 0 3 3 #=14
A 0 0 9 0 3 0 PINTYPE=BI
P 13 4318000 -508000 3810000 -508000 0 3 0
L 3733800 -508000 228600 0 8 0 1 0 SDI
A 3962400 -457200 203200 0 3 3 #=13
A 0 0 9 0 3 0 PINTYPE=BI
P 14 4318000 -762000 3810000 -762000 0 3 0
L 3733800 -762000 228600 0 8 0 1 0 SCK
A 3962400 -711200 203200 0 3 3 #=12
A 0 0 9 0 3 0 PINTYPE=BI
P 15 4318000 -1016000 3810000 -1016000 0 3 0
L 3733800 -1016000 228600 0 8 0 1 0 ~CS
A 3962400 -965200 203200 0 3 3 #=11
A 0 0 9 0 3 0 PINTYPE=BI
P 16 1524000 1524000 1524000 1016000 0 0 0
L 1524000 939800 228600 1 8 0 1 0 EP
A 1473200 1168400 203200 1 3 3 #=21
A 0 0 9 0 3 0 PINTYPE=BI
P 17 1778000 1524000 1778000 1016000 0 0 0
L 1778000 939800 228600 1 8 0 1 0 AGND
A 1727200 1168400 203200 1 3 3 #=20
A 0 0 9 0 3 0 PINTYPE=BI
P 18 2032000 1524000 2032000 1016000 0 0 0
L 2032000 939800 228600 1 8 0 1 0 AVDD
A 1981200 1168400 203200 1 3 3 #=19
A 0 0 9 0 3 0 PINTYPE=BI
P 19 2286000 1524000 2286000 1016000 0 0 0
L 2286000 939800 228600 1 8 0 1 0 DVDD
A 2235200 1168400 203200 1 3 3 #=18
A 0 0 9 0 3 0 PINTYPE=BI
P 20 2540000 1524000 2540000 1016000 0 0 0
L 2540000 939800 228600 1 8 0 1 0 DGND
A 2489200 1168400 203200 1 3 3 #=17
A 0 0 9 0 3 0 PINTYPE=BI
P 21 2794000 1524000 2794000 1016000 0 0 0
L 2794000 939800 228600 1 8 0 1 0 MCLK
A 2743200 1168400 203200 1 3 3 #=16
A 0 0 9 0 3 0 PINTYPE=BI
E
